client_0_model_local_avg: 0.9848955035209656
client_0_model_local_std: 0.00016077694501555705
client_1_model_local_avg: 0.982993769645691
client_1_model_local_std: 0.0001387826695163578
client_2_model_local_avg: 0.981633996963501
client_2_model_local_std: 0.0009218393253087868
avg_local_model_avg_across_clients: 0.9831744233767191
std_local_model_avg_across_clients: 0.0003448111261860872
