client_0_model_local_avg: 0.9462445020675659
client_0_model_local_std: 0.03746660916987462
client_1_model_local_avg: 0.9443344235420227
client_1_model_local_std: 0.05140709782832908
client_2_model_local_avg: 0.9471802234649658
client_2_model_local_std: 0.021220048115996037
avg_local_model_avg_across_clients: 0.9459197163581848
std_local_model_avg_across_clients: 0.03630121710812704
